,Text_ID,Author_name,110306476,110306479,110306480,290432993,290432995,290432996,290432998,290432999,290433000,290433001,336303815,336303816,336303817,336303818,336303819,336303821,336303822,336303823,336303824,336303825,336303826,336303828,336303829,336303830,336303831,376431376,376431377,376431378,376433765,376433767,376433768,376433769,376444501,376444502,376444503,376444504,376444505,376444506,376444509,402992217,402992218,406891963,463559130,472812825,481016834,481016835,496905538,514356011,514356012,514356013,514356014,514356015,514356016,514356017,514356018,514356019,514356020,540492161,547332524,547332525,547332526,547332527,547332528,547332529,547332530,547332533,547332534,547332535,547332536,547332537,563032087,583516114,583516115,583516116,583516117,583516118,583516119,583516120,583516121,583516122,583516123,583516124,583516125,583516126,583516127,590584774,590584776,590584777,590584778,590584779,590584780,590584781,590584782,590584790,590584794,590605098,590605099,590605101,590605106,590635935,590635936,590635937,590635939,590635943,590635944,591548145,591548146,591548147,591548148,591548149,591548150,591548151,591548152,591548153,591548154,591548155,591548157,591548158,591548159,591548160,591548161,591548162,591548163,591548164,591548165
110306476,110306476,Sönke Ahrens,1.0,0.36460683943076433,0.3470358242728013,0.4918069564908715,0.25449971870076493,0.27755837629871294,0.20961740001906973,0.16837370242214533,0.21190345265401597,0.20556091645350802,0.19477984981138713,0.22676296195092474,0.21689057645498575,0.2285266771976735,0.13889273356401385,0.25321802197312326,0.1707612456747405,0.2054977758166862,0.1871872140313627,0.2317384953153255,0.29648219105480816,0.25041998821969164,0.19477984981138713,0.17044982698961939,0.2767263827312402,0.2073709191488624,0.19404878137373915,0.2479463793713344,0.20587233513862915,0.27871776667807274,0.1858346455815382,0.21420240831770676,0.26061602675046347,0.22482557177216866,0.17179930795847753,0.1915574318927703,0.24235438998104172,0.26741411911650165,0.19477984981138713,0.28465434040798504,0.2527037252439131,0.19477984981138713,0.23941652801207916,0.2236379812992764,0.13889273356401385,0.15892733564013845,0.2398494935581856,0.2912111015578983,0.1467820069204152,0.18759517015611182,0.19937783956408733,0.306414964046119,0.21771054205516438,0.21305954916999187,0.18055165607443305,0.19895798342914295,0.19342362839277216,0.22271352840874614,0.2981295313839551,0.17968858131487891,0.22576897469627732,0.23548169449871154,0.2912111015578983,0.19165749434408988,0.21281115554753877,0.1672318339100346,0.13079584775086506,0.1588235294117647,0.18842561998310142,0.287100611841315,0.30908824788344513,0.2601955143194313,0.2285717428623673,0.21556697996893537,0.24533711123228055,0.30369770837091214,0.3151537528372423,0.21512144573360079,0.1286159169550173,0.2568559743788612,0.23451481351078368,0.20018095197604974,0.27515099556814393,0.2350825509031914,0.26234822327440566,0.21689057645498575,0.207028984759484,0.2842560842568603,0.18075122787219317,0.19955493631657745,0.10453287197231834,0.2475311544578396,0.31614191185241836,0.27832216047718916,0.11304498269896193,0.2675432814886942,0.39043620575006177,0.36314881782087416,0.10910034602076125,0.19955493631657745,0.20295849195541976,0.21933397917271197,0.24296368040939667,0.2249149436142597,0.19477984981138713,0.18055165607443305,0.18553667064709556,0.18958962920096573,0.19964396143620702,0.18832181375472767,0.22573999034955816,0.21664359861591698,0.21525556128381423,0.21777688574710644,0.19321833154674953,0.25603631835230883,0.21571772994200245,0.2605326111049426,0.2274478337482308,0.2061675569316218,0.2438801958321484,0.2336141730235891,0.2455508986509607,0.15186851211072666,0.21902256048759086
110306479,110306479,Sönke Ahrens,0.36460683943076433,1.0,0.12093425605536334,0.41407405083694265,0.31198633170525125,0.12093425605536334,0.13629757785467128,0.15570934256055366,0.12145328719723184,0.11325259515570935,0.05491349480968859,0.21274636797902494,0.06394463667820069,0.10411764705882354,0.06394463667820069,0.09155709342560554,0.09519031141868513,0.12705882352941175,0.16401384083044984,0.14449826989619377,0.1113840830449827,0.08044982698961937,0.05491349480968859,0.15664359861591695,0.12747404844290658,0.12612456747404843,0.09560553633217994,0.1197923875432526,0.0895847750865052,0.1368166089965398,0.132560553633218,0.11989619377162632,0.12342560553633218,0.14086505190311419,0.12633217993079585,0.15550173010380622,0.14408304498269897,0.14688581314878893,0.05491349480968859,0.12581314878892735,0.0814878892733564,0.05491349480968859,0.06539792387543253,0.060311418685121104,0.06394463667820069,0.08439446366782008,0.1205190311418685,0.18217993079584774,0.08044982698961937,0.10525951557093427,0.12612456747404843,0.13380622837370243,0.16629757785467128,0.097681660899654,0.12259515570934257,0.1158477508650519,0.1506228373702422,0.13027681660899654,0.1366089965397924,0.16702422145328719,0.12788927335640138,0.11512110726643598,0.18217993079584774,0.12975778546712802,0.1834256055363322,0.09705882352941177,0.06207612456747405,0.10941176470588235,0.09519031141868513,0.13089965397923875,0.10608996539792388,0.1152249134948097,0.22388260637878524,0.1272664359861592,0.15,0.29679932240524676,0.26647058823529407,0.12280276816608998,0.04557093425605537,0.08190311418685121,0.21428063963689906,0.17657439446366782,0.15321799307958478,0.15072664359861593,0.15467128027681662,0.06394463667820069,0.028027681660899653,0.2828575750808916,0.09913494809688582,0.07577854671280276,0.05096885813148789,0.20163106088405147,0.20583335362760435,0.19907536136529397,0.04816608996539792,0.10069204152249135,0.14657439446366782,0.08460207612456748,0.06861591695501731,0.07577854671280276,0.09653979238754326,0.12,0.12477508650519031,0.2959449817496028,0.05491349480968859,0.12259515570934257,0.1711764705882353,0.14761245674740484,0.16017301038062282,0.1201038062283737,0.17761245674740486,0.30280276816609,0.12653979238754326,0.14553633217993078,0.11242214532871973,0.13723183391003463,0.1652595155709343,0.1158477508650519,0.13038062283737023,0.15747404844290658,0.06072664359861592,0.12498269896193771,0.11906574394463668,0.13276816608996542,0.16795847750865053
110306480,110306480,Sönke Ahrens,0.3470358242728013,0.12093425605536334,1.0,0.3396698789402015,0.5036375726620896,0.37468641223567056,0.453449455088503,0.29894091560321245,0.32880448444227417,0.6229012414727946,0.5647917002898022,0.25962732701335334,0.14387543252595156,0.7828186265910537,0.451180280407663,0.1794809688581315,0.24201972438040903,0.2728133679670548,0.2492147479224514,0.45955893188018104,0.575275126336997,0.13432525951557092,0.5647917002898022,0.2435320617149471,0.4528345675689844,0.3255479349994449,0.47331435715798204,0.26852569068971766,0.2059395538920215,0.5539413964742453,0.41036203603684673,0.2699067935725911,0.3754582370731341,0.48050850563857395,0.44499034749433175,0.2865879744267419,0.41303609174441436,0.4252836953349731,0.5647917002898022,0.23333239498127495,0.2276944648648381,0.5647917002898022,0.38484810047686724,0.5174560601513939,0.451180280407663,0.20562262892400052,0.7015246748754584,0.23550131321132278,0.13214532871972318,0.41897819652311674,0.34644561183512357,0.37113111598815696,0.2673478909987134,0.39553351712375556,0.42469247987874625,0.4050784026165989,0.2399041436223499,0.2765037827833311,0.43356836850984054,0.22165892251041922,0.3949207016837091,0.2903100111570335,0.23550131321132278,0.37869012381706757,0.31267540957622675,0.13173010380622838,0.10754325259515571,0.13608996539792387,0.31250802518030596,0.3370487231738974,0.30876988236614966,0.5203000222480246,0.47500556613380107,0.4387089706594372,0.40779740841470646,0.40381002168253677,0.5136645798652488,0.5248674962964676,0.15186851211072666,0.46342941535575993,0.37097991610141967,0.4249047235569432,0.4747024192559749,0.3828585698441441,0.5369434062262273,0.14387543252595156,0.16287197231833914,0.23759494726310085,0.19297577854671283,0.3285377186570118,0.1280968858131488,0.2844792249267033,0.2395672656022012,0.2332405919543053,0.345561940110299,0.3119889940384375,0.42997040063367653,0.3128194438654271,0.2020543264565336,0.3285377186570118,0.33345937382748986,0.3110899880999898,0.4459246035496951,0.42156209613540674,0.5647917002898022,0.42469247987874625,0.26070759862912546,0.22792322739173493,0.25637737768023683,0.28055321632550967,0.29191636393805726,0.1788581314878893,0.5456877013002506,0.40517724328400656,0.32970018413439295,0.3890922434470487,0.41350675097526013,0.5053605191260778,0.49449888078814974,0.34257656890881905,0.21658719842885193,0.35389398217763995,0.5687143902617218,0.3246533539000292,0.4255232640452522
290432993,290432993,Sönke Ahrens,0.4918069564908715,0.41407405083694265,0.3396698789402015,1.0,0.26602706003705806,0.2583348241023294,0.20668085064228273,0.1801038062283737,0.2077488879083431,0.19898453659098347,0.28805328959126786,0.24146388699819665,0.2283173022350803,0.254912087281601,0.13401384083044982,0.24671238587568262,0.17595155709342564,0.22526746542165785,0.22513170293975246,0.2250141186211838,0.29679790662186245,0.22925155829044364,0.28805328959126786,0.17875432525951557,0.2955495819311368,0.21328324294471385,0.18864854188758184,0.2412958339232431,0.19763505562212536,0.30222018362256453,0.20728881609551708,0.21935051040435685,0.26135577976024144,0.21431138648946396,0.1719031141868512,0.19300840347927734,0.26587411002741995,0.27996277273952436,0.28805328959126786,0.2652927101189712,0.23932076244269276,0.28805328959126786,0.3349737048161814,0.21523771745999382,0.13401384083044982,0.16941176470588237,0.2573146180253578,0.33067411514570394,0.14750865051903114,0.1839271271938967,0.22873528029002513,0.2865157901123835,0.22658454022331403,0.2606214298421546,0.18747669839314776,0.2280702335877478,0.20668085064228273,0.22492409048300505,0.30138278696340054,0.19401384083044987,0.23823332522938376,0.22949156453144795,0.33067411514570394,0.22533501851456667,0.2391622937672097,0.1703460207612457,0.13038062283737023,0.15851211072664362,0.19088214449493476,0.2732648460160144,0.28364877509971365,0.29416582909802214,0.2422295368737274,0.23772421282650216,0.2524494909990436,0.3092192759526923,0.3077149668941964,0.21376964915401783,0.13453287197231834,0.2542688593285059,0.24417441460659176,0.21432350526502186,0.2694004343111595,0.25111521628670974,0.2772164295263895,0.2283173022350803,0.19935536451881733,0.3156222120315171,0.21007979982556557,0.20143148908629138,0.13058823529411764,0.2574184242537315,0.33262892400050026,0.2843810529383284,0.12342560553633218,0.25252553466461,0.37598421504717694,0.34854629591028474,0.12103806228373702,0.20143148908629138,0.25906532705215324,0.2134969147892402,0.24451382700282787,0.26623467249380545,0.28805328959126786,0.18747669839314776,0.18999802285643996,0.20087199873528855,0.20894993451485894,0.1889098261558344,0.2356454383087869,0.21186851211072666,0.21405374280705683,0.21931006357816757,0.19518833427512508,0.281117866236951,0.21403622093980776,0.2592147520500998,0.24733245772152984,0.22345702519557825,0.262261938913281,0.2574500461677468,0.31054022248850144,0.15550173010380622,0.26271628567784444
290432995,290432995,Sönke Ahrens,0.25449971870076493,0.31198633170525125,0.5036375726620896,0.26602706003705806,1.0,0.27124128705028755,0.31460837491595073,0.36228178051890325,0.2959101443975223,0.4536023019069323,0.4589693757385911,0.24764641078273836,0.1629757785467128,0.5471934385250757,0.2848929060997149,0.19380622837370243,0.16432525951557095,0.2019100610190256,0.22300664097343156,0.38316028855564094,0.3724478564502967,0.12747404844290658,0.4589693757385911,0.28086440386232314,0.32235164509488845,0.31251914093731464,0.34504168718451866,0.1792733564013841,0.16474048442906578,0.3930632021387823,0.3816235733299432,0.22459448125160206,0.3398718695398951,0.33327994908132996,0.3340464864012561,0.28920219574381667,0.3292836342457775,0.3537170009993037,0.4589693757385911,0.16837370242214533,0.14221453287197233,0.4589693757385911,0.37924619234758766,0.26994480921390174,0.2848929060997149,0.25717719622881535,0.4938584059765046,0.20109724863343884,0.17670278496561875,0.31091731618653173,0.3462873619250031,0.2831059439374546,0.24166255896861627,0.35663327536739164,0.37613021822464066,0.31882918016235695,0.2621723359228823,0.27754978253484663,0.31561184337885995,0.26215018283418373,0.3288082406022734,0.20193397661357002,0.20109724863343884,0.31083675687366963,0.3126962376898048,0.13515570934256058,0.10619377162629759,0.13505190311418686,0.26049899553677386,0.2925325888156415,0.19083530394145012,0.4911989002293734,0.38607413173885025,0.4403510234710468,0.3784425020648561,0.33461014567709324,0.40918379881511724,0.46925632985193716,0.11429065743944639,0.34494152154199037,0.30760245132780256,0.3527826293697865,0.3826412574137724,0.2856464371996878,0.37134675672094664,0.1629757785467128,0.1904292382796457,0.23649517250887137,0.1925914160599368,0.2532320064457357,0.30420086457722356,0.24563673309841513,0.2420214868862548,0.2211212756744887,0.38734307816073643,0.20950555313170874,0.31042153196017486,0.15653979238754326,0.1537370242214533,0.2532320064457357,0.2975263127263241,0.26221951081588335,0.34231152848056723,0.36208640241186746,0.4589693757385911,0.37613021822464066,0.22602561536013527,0.2627454764069812,0.284252315713916,0.2391941344465876,0.25345955957166566,0.26076819250691485,0.39175581492780537,0.33073494017180105,0.28490668418990983,0.36467628298661775,0.34497039031455573,0.36300148966828977,0.3861706691784783,0.3109888318218573,0.23454688533846924,0.31902984578693,0.41822123121971594,0.28240210972362506,0.3350140236852718
290432996,290432996,Sönke Ahrens,0.27755837629871294,0.12093425605536334,0.37468641223567056,0.2583348241023294,0.27124128705028755,1.0,0.3026362835975097,0.20915732820624372,0.26375940433081124,0.33741049504124965,0.4786667778379956,0.30953509471095525,0.13463667820069206,0.40079390362849177,0.21216242131154378,0.167439446366782,0.25055321632550964,0.2951859196008399,0.2897986863346359,0.31289260643244465,0.428051419766565,0.19069204152249136,0.4786667778379956,0.2704001466140694,0.3063257077781818,0.27338782104332915,0.3307071652260486,0.36001104971463505,0.21462908332772665,0.37440552163775176,0.2827642159304937,0.295728750763099,0.3013037713910216,0.28678885881667754,0.2510694819429831,0.22680438702977315,0.34558770901895297,0.36297206779084545,0.4786667778379956,0.2895910738778885,0.2530445658064785,0.4786667778379956,0.4144107224746738,0.3305703089173302,0.21216242131154378,0.21629362356755122,0.40818210524099896,0.2759671142000597,0.2596695363453884,0.39066706512232074,0.3139943624578826,0.33547145793080163,0.28687480883828576,0.3748423465350662,0.2994419749641617,0.3053114455148354,0.2889013397108252,0.3076533576149127,0.3857415629835798,0.2757753642959243,0.3247539570732827,0.3749883497125299,0.2759671142000597,0.36026671212583383,0.27642047032901895,0.24796477630003383,0.30970525701421603,0.2726779398246657,0.30181486506511157,0.30907690097812884,0.25888547715821314,0.38613243477180503,0.3428594407779461,0.36187064610492403,0.33758692311470695,0.3102189882556021,0.35235627631633804,0.3290767936592717,0.22534581231500397,0.22057072580981366,0.3001725934881394,0.31444738424732543,0.32932473736805457,0.31834343024914075,0.3413854410412901,0.13463667820069206,0.35477466961270687,0.21359466162983498,0.351943367013568,0.3728369533497311,0.145121107266436,0.3146599498820937,0.29735119724504244,0.26311353881042,0.34467044649184975,0.3436814000322782,0.3068679858355619,0.23880448444227426,0.29766373452286654,0.3728369533497311,0.38206868241749764,0.3055630174265186,0.3011651401935124,0.29511671957623914,0.4786667778379956,0.2994419749641617,0.3107763693782978,0.27471360518300547,0.3422208316633556,0.3324703273679184,0.2576318649499502,0.3015182151057896,0.3477205928788985,0.2897844707137158,0.32292169809802096,0.3181120177720027,0.29469036652279057,0.3526794918204456,0.3454338839478645,0.329532349824802,0.23840788760578646,0.36139921500383665,0.41605341919942607,0.2653076976101329,0.3399665288995235
290432998,290432998,Sönke Ahrens,0.20961740001906973,0.13629757785467128,0.453449455088503,0.20668085064228273,0.31460837491595073,0.3026362835975097,1.0,0.272556599346098,0.4489023592399679,0.4638500185950558,0.3416173034320983,0.20273621396408203,0.16858131487889272,0.5361312377537832,0.38988719962587,0.21683370158836038,0.15695501730103806,0.2475831545717627,0.20531671652177935,0.3870056346527636,0.3419509660141818,0.12072664359861592,0.3416173034320983,0.3416448472295431,0.35991474342331475,0.2663131349613054,0.43720488036630406,0.16588235294117648,0.18186851211072666,0.42840636037589663,0.3703661100257689,0.23003990197660698,0.2769197671841224,0.40385629674819734,0.3695617758298947,0.3596290028385838,0.3203793267557881,0.28847488346616795,0.3416173034320983,0.16484429065743944,0.1367128027681661,0.3416173034320983,0.5794283784904943,0.3369460231552817,0.38988719962587,0.22916913328052696,0.45433290804796495,0.2264876808271147,0.15529411764705883,0.2735981990244716,0.28119005055130936,0.26232628895106963,0.2551232123670949,0.2930209762961538,0.3483869521733513,0.286414633834251,0.3245062197469174,0.3061803608968059,0.27754955138653903,0.3154134809820667,0.30440881137348735,0.17854671280276815,0.2264876808271147,0.3264070348336372,0.34569075576003006,0.17283737024221454,0.15747404844290658,0.18020761245674743,0.17925584691708008,0.25385308131013207,0.2069184380813535,0.35855831562228224,0.4149553037598336,0.27270691178843987,0.3158323464814068,0.33791254503780305,0.4403371298066981,0.42101110874000647,0.1460553633217993,0.37608097125216755,0.3264460411105521,0.3682871167426911,0.3578360844797533,0.4102581142343192,0.4038222436493034,0.16858131487889272,0.1328719723183391,0.23686830366448497,0.2309448517286798,0.13889273356401385,0.20397923875432528,0.30326815226234344,0.17595155709342564,0.18456747404844293,0.3574996563732748,0.16494809688581316,0.25647688702667737,0.14449826989619377,0.13536332179930793,0.13889273356401385,0.4061237336890816,0.24079795285152397,0.31490954052256853,0.33917520092360265,0.3416173034320983,0.3483869521733513,0.2039080574585161,0.2972657879453681,0.2672890348608797,0.16650519031141867,0.2514266349718308,0.2943997635683025,0.4379770271603389,0.3424069720933823,0.25418289692395263,0.33894323534158566,0.3782859114693727,0.376832508697987,0.44094212335311994,0.3024413430211992,0.22910034602076124,0.29180725780920114,0.3819349012068005,0.34416892483428524,0.36195417732459867
290432999,290432999,Sönke Ahrens,0.16837370242214533,0.15570934256055366,0.29894091560321245,0.1801038062283737,0.36228178051890325,0.20915732820624372,0.272556599346098,1.0,0.3371159295443448,0.3285889592836384,0.28488365603976085,0.24141473083398723,0.1678546712802768,0.32005226428341754,0.1793771626297578,0.16692041522491352,0.15737024221453288,0.16961937716262976,0.21127025901406166,0.31873650207393694,0.22449431560907374,0.2712456747404844,0.28488365603976085,0.30921773221220905,0.2686119626678973,0.26650552877858347,0.2538761094602811,0.157681660899654,0.15955017301038063,0.2945606634286641,0.3162236558003572,0.2042194761436372,0.33861396044969905,0.23845481896753482,0.25377230323190736,0.2688114312744486,0.27089284335945996,0.29950909052634533,0.28488365603976085,0.2179930795847751,0.1369204152249135,0.28488365603976085,0.3673451667508019,0.13775086505190315,0.1793771626297578,0.27740487318419593,0.3016141994405386,0.20773357846061008,0.2308823673879457,0.2311937860730668,0.2858484277993814,0.24349085540146131,0.2734919492282742,0.3302252746640404,0.31200296612810485,0.26070759862912546,0.3231814138599002,0.24918411664404028,0.2450138957281729,0.32266469832875644,0.3020004400073142,0.1721107266435986,0.20773357846061008,0.25217652548595837,0.3302589934234179,0.19692041522491352,0.1460553633217993,0.16806228373702423,0.21302769610766892,0.2672072785299959,0.16027681660899656,0.3471162680115095,0.2689335188573679,0.3862033973022516,0.30504718933977026,0.3088665229969864,0.30034261545135627,0.33424429569317043,0.11948096885813148,0.19121107266435988,0.25434180313016086,0.27018889357147663,0.2502983134016074,0.21065546230280677,0.26813987527072214,0.1678546712802768,0.2139840020605221,0.22330451271666546,0.19746403064035922,0.17148788927335643,0.11719723183391004,0.18737024221453288,0.2150000144467692,0.1999553801213281,0.24689057645498577,0.1544636678200692,0.2972596253663804,0.13359861591695502,0.14802768166089966,0.17148788927335643,0.3001384371980367,0.22649660893049745,0.23660933500695716,0.2546761343912771,0.28488365603976085,0.31200296612810485,0.2291352865640506,0.32722842860014517,0.3588827157614665,0.201280276816609,0.23560158204505993,0.33338704917308754,0.2895657301170147,0.2618093546545633,0.2586511959654714,0.37198194401505436,0.3170756024199577,0.28627655574162075,0.3252762944614802,0.30970536020542483,0.29401860413664666,0.3220897045305481,0.24178929015593018,0.23679932240524676,0.2320358015707353
290433000,290433000,Sönke Ahrens,0.21190345265401597,0.12145328719723184,0.32880448444227417,0.2077488879083431,0.2959101443975223,0.26375940433081124,0.4489023592399679,0.3371159295443448,1.0,0.40465434040798504,0.27273832732003767,0.23259120142222256,0.157681660899654,0.42541558608272556,0.24336116469027988,0.176159169550173,0.22519507472488196,0.1746020761245675,0.21095884032894055,0.3686887947142986,0.2588541772007692,0.09539792387543251,0.27273832732003767,0.2913630609319322,0.3188005301551542,0.19889273356401385,0.4101615891776363,0.15508650519031142,0.1851903114186851,0.4062873619250031,0.3673524231566026,0.21439248652426007,0.3504478704843011,0.3337047583942953,0.31386333438863545,0.24297645548104235,0.32176615468692404,0.29191238901269545,0.27273832732003767,0.14221453287197233,0.13546712802768165,0.27273832732003767,0.5975790310510602,0.22021237576294425,0.24336116469027988,0.13359861591695502,0.3796764831775628,0.1624567474048443,0.2325432670419249,0.26660902543333087,0.23768233783398351,0.2625761107398521,0.26336644808016885,0.3810111046123581,0.38361417302358913,0.2225219972699734,0.21979041039969258,0.23078582994831773,0.2882284834978683,0.30009204655822236,0.3516474889244876,0.1716955017301038,0.1624567474048443,0.3374720919375883,0.30089494020482216,0.250924238252816,0.27242690863491653,0.24043254039832634,0.1448096885813149,0.2305450518370718,0.17875432525951557,0.35908892481777466,0.33003694658038785,0.28471946231601525,0.30605064541973437,0.30951085715983945,0.3102354039130932,0.3414069254509559,0.13100346020761247,0.195363321799308,0.28224530036277906,0.3003097841363742,0.3112755630421924,0.37696464297699206,0.36859809789708703,0.157681660899654,0.23329196053803075,0.29650521920495715,0.25042979138452476,0.16100346020761244,0.16494809688581316,0.21418718967823744,0.2950519320077253,0.2750318675090922,0.36910987263315487,0.167439446366782,0.24252254624720404,0.1373356401384083,0.2271673930639823,0.16100346020761244,0.48038068062444716,0.25591123409668687,0.30474116136339524,0.26992739053786147,0.27273832732003767,0.38361417302358913,0.3071508700876341,0.21304983681342243,0.25209069103850396,0.29401386972398824,0.20286999517477905,0.29406202286964844,0.4401826360565768,0.24750292959841697,0.23733597860557307,0.3765494180634973,0.31528939974499387,0.3618801149302407,0.43597672749306865,0.3325773366514123,0.4295250975466497,0.3997693882866421,0.23732562233586096,0.24730106695582219,0.23895335633534173
290433001,290433001,Sönke Ahrens,0.20556091645350802,0.11325259515570935,0.6229012414727946,0.19898453659098347,0.4536023019069323,0.33741049504124965,0.4638500185950558,0.3285889592836384,0.40465434040798504,1.0,0.3910918992011762,0.2536784157425206,0.12197231833910034,0.7557272730649893,0.41777009989321773,0.16629757785467128,0.24744906378743936,0.1959741559681461,0.22758084308868623,0.45182514290950504,0.4351994995639139,0.09581314878892734,0.3910918992011762,0.23085304870171014,0.4233976737399425,0.3054155860827255,0.5555585430557064,0.15155709342560553,0.1531141868512111,0.5434255518769036,0.41483892884223184,0.2561697652234895,0.39909002277223604,0.5024148104976004,0.49034364736344394,0.2722290993430022,0.4661797087283665,0.3185058614670405,0.3910918992011762,0.14387543252595156,0.10557093425605536,0.3910918992011762,0.48604961350764664,0.41621300646761217,0.41777009989321773,0.13089965397923875,0.672261328021325,0.18845691994054536,0.14086505190311419,0.34934999857596133,0.29856437501006117,0.2567805993923276,0.2684496470241513,0.326479553487512,0.43987077984073053,0.3429157625396925,0.28927194887329644,0.2350548915315928,0.32050870789334324,0.289045708339542,0.39478957042325324,0.2247780749225963,0.18845691994054536,0.35095479523355677,0.35276280427475776,0.13038062283737023,0.08698961937716262,0.1280968858131488,0.20994480921390174,0.2397991279930094,0.20566472268188174,0.4473924530903084,0.4543470204776763,0.4543916486116448,0.4597144162659065,0.4189911779771799,0.5345711600384202,0.5090779370178649,0.1454325259515571,0.2807708630953978,0.34191736282895807,0.4209985400507783,0.47801550922591324,0.4289711258614918,0.5517491281374771,0.12197231833910034,0.14719723183391006,0.2724361586948706,0.16712802768166093,0.2476566762441867,0.13027681660899654,0.2576962273706839,0.2675572659613066,0.256646587033323,0.3707708630953978,0.22977179883327892,0.3365257294896121,0.1375432525951557,0.10536332179930798,0.2476566762441867,0.3573430781607364,0.31402058128020666,0.4202252746640404,0.396287254606146,0.3910918992011762,0.43987077984073053,0.2217546880798056,0.2791798197621071,0.22976077388453403,0.23994480921390177,0.28563873088021685,0.22463667820069205,0.5513907533247177,0.3933913708209108,0.3181837521726909,0.3968232792762747,0.4882216728780895,0.5175499228748907,0.516839038637678,0.31109705050631803,0.24433487693622824,0.41568392862965786,0.44551667219083607,0.2825539782893952,0.35874103423182613
336303815,336303815,Tiago Forte,0.19477984981138713,0.05491349480968859,0.5647917002898022,0.28805328959126786,0.4589693757385911,0.4786667778379956,0.3416173034320983,0.28488365603976085,0.27273832732003767,0.3910918992011762,1.0,0.39476609235943394,0.0858477508650519,0.5702614493741867,0.3114533408566604,0.12778546712802769,0.05782006920415225,0.42829550412413986,0.33900615721304483,0.4082180364198924,0.6020581362759614,0.023356401384083045,0.6185121643860721,0.4666474084353447,0.45273737383326856,0.5602087888365275,0.2723231024065429,0.2868559743788612,0.22014802572515557,0.43058165995029485,0.4473356690319469,0.37255155948746166,0.25478909987134124,0.39637873567654425,0.24439922697401686,0.25239230655879197,0.5405058804542229,0.5912756043186759,0.6185121643860721,0.1111764705882353,0.06207612456747405,0.6185121643860721,0.31653984604697183,0.32442911940337316,0.3114533408566604,0.14875432525951557,0.6643264358953509,0.10474048442906575,0.12238754325259515,0.3739994435930023,0.49409257159509257,0.4169806252314063,0.39051972458679146,0.5066532160365742,0.36907854790982075,0.5055273380341745,0.3040958489478831,0.3248885101542213,0.5687963653579683,0.18186851211072666,0.4591087540404518,0.34585736828570923,0.10474048442906575,0.5438828705482797,0.3081142012979803,0.14439446366782008,0.08730103806228375,0.11719723183391004,0.3861447723127255,0.2968861598712504,0.2982102186539161,0.7643311992015478,0.5734209330383991,0.6633038110164458,0.5388235871988416,0.3250519320077253,0.4023949812749233,0.5574060206704374,0.10453287197231834,0.3746713339362452,0.5124789582806197,0.5503609628482755,0.6205060042836735,0.3280186875151433,0.5169204730119904,0.0858477508650519,0.08865051903114188,0.1107612456747405,0.16038062283737026,0.42460212978399603,0.06602076124567476,0.4244385923563383,0.11335640138408307,0.12560553633217994,0.2547751401646189,0.3641378518975006,0.4038482684721551,0.32220013563452476,0.09871972318339102,0.42460212978399603,0.29915515293556283,0.35761315019232776,0.4222586615604905,0.5489141849524928,0.6185121643860721,0.36907854790982075,0.33201168372142176,0.2920555358575004,0.3396289945832871,0.38510671002898844,0.43078685360510877,0.18612456747404843,0.501422494940535,0.3807619391196634,0.4000441286885182,0.26298858251189694,0.3342041955894426,0.3500256079303682,0.48202426479359495,0.4449481257793516,0.07536332179930796,0.6024259551481475,0.7996482294246017,0.12155709342560553,0.5295166111016405
336303816,336303816,Tiago Forte,0.22676296195092474,0.21274636797902494,0.25962732701335334,0.24146388699819665,0.24764641078273836,0.30953509471095525,0.20273621396408203,0.24141473083398723,0.23259120142222256,0.2536784157425206,0.39476609235943394,1.0,0.1922491349480969,0.2853393153964998,0.16692041522491352,0.19764705882352943,0.232261938913281,0.32533666957390694,0.41289316366497203,0.30251462116237055,0.2947191321041472,0.10920415224913495,0.39476609235943394,0.312573803384424,0.238759625159998,0.3521608858263573,0.2904112706263748,0.25096490384436787,0.13806228373702423,0.29094055484674664,0.26002238010935796,0.32523286334553325,0.24026922173603113,0.2091574313974525,0.2168838360052289,0.19951557093425606,0.39881463845721715,0.3860978285680321,0.39476609235943394,0.20749664731762707,0.14024221453287197,0.39476609235943394,0.2903370266154893,0.24523771745999381,0.16692041522491352,0.279705257014216,0.3383546574526548,0.20709342560553637,0.28480927168883147,0.31264685037728773,0.3092889135080181,0.2702129123572298,0.2722512400487558,0.30651578598473517,0.28983493947010075,0.2613893829454651,0.27914289794760944,0.2876350556221254,0.3237979854599459,0.23788531906928134,0.2751883425304218,0.3436664125411165,0.20709342560553637,0.36336205213467526,0.28133815057413525,0.2628013606380023,0.3144200715981883,0.29060491099345476,0.34615875265768964,0.301955040003104,0.14730103806228373,0.3166917806551156,0.34650190883097987,0.3520254700669133,0.3184629958389177,0.22033787278340125,0.28102981936998056,0.2920897045305481,0.23485709462262358,0.2447186863181253,0.268091169020183,0.3025103242804374,0.3242406509796767,0.26201752021618974,0.2817533754876301,0.1922491349480969,0.4541432549891918,0.1959686496852462,0.4927999531099147,0.3907740496399247,0.107439446366782,0.2546693031332566,0.32799266269229166,0.27807287941034065,0.30403944876081807,0.36380581148121904,0.2637433230128366,0.22524200608663028,0.32189412004109486,0.3907740496399247,0.34788843957143456,0.32714027854196603,0.25674542770073067,0.3843309102661632,0.39476609235943394,0.28983493947010075,0.35056523603750717,0.2739093865612851,0.31523550916812615,0.34439404677533664,0.27934786045411564,0.3100877538039376,0.2835027595393049,0.24564521128812758,0.2665358381004232,0.23512640716691838,0.2286728991404998,0.2222517848983381,0.25337878149344095,0.2952909352301804,0.1419031141868512,0.3597044810163261,0.40426524350855064,0.2135119022804019,0.3606371933312062
336303817,336303817,Tiago Forte,0.21689057645498575,0.06394463667820069,0.14387543252595156,0.2283173022350803,0.1629757785467128,0.13463667820069206,0.16858131487889272,0.1678546712802768,0.157681660899654,0.12197231833910034,0.0858477508650519,0.1922491349480969,1.0,0.13432525951557092,0.08865051903114188,0.5260755681604763,0.06134948096885814,0.17730103806228376,0.154878892733564,0.17377162629757784,0.14626297577854672,0.049515570934256056,0.0858477508650519,0.25240034721777926,0.16889273356401385,0.4934697342248504,0.13525951557093427,0.1334948096885813,0.1708650519031142,0.17626297577854674,0.1708650519031142,0.1506228373702422,0.21674740484429067,0.17304498269896193,0.1241522491349481,0.15539792387543253,0.17512110726643595,0.18934256055363324,0.0858477508650519,0.12072664359861592,0.10557093425605536,0.0858477508650519,0.07328719723183391,0.061038062283737024,0.08865051903114188,0.07349480968858133,0.12529411764705883,0.11927335640138409,0.1417993079584775,0.07349480968858133,0.17242214532871972,0.15581314878892735,0.15840830449826993,0.17595155709342564,0.1282006920415225,0.1921453287197232,0.26366782006920414,0.09560553633217994,0.1627681660899654,0.12778546712802769,0.16972318339100345,0.09934256055363322,0.11927335640138409,0.13339100346020763,0.1806228373702422,0.1413840830449827,0.08937716262975778,0.10089965397923875,0.053771626297577854,0.15290657439446367,0.17262975778546713,0.15207612456747405,0.1661937716262976,0.15508650519031142,0.13941176470588237,0.2674048442906574,0.25930795847750865,0.13515570934256058,0.08190311418685121,0.10121107266435987,0.1880968858131488,0.24024520295027796,0.15664359861591695,0.14761245674740484,0.17543252595155712,0.6185121643860721,0.06249134948096886,0.1107612456747405,0.18321799307958478,0.032698961937716264,0.07826989619377163,0.11283737024221455,0.09757785467128029,0.11387543252595156,0.072560553633218,0.09238754325259516,0.16775086505190312,0.26500290380061475,0.0940484429065744,0.032698961937716264,0.12062283737024221,0.14013840830449828,0.13245674740484428,0.1758477508650519,0.0858477508650519,0.1282006920415225,0.11439446366782008,0.2653287197231834,0.11242214532871973,0.052214532871972315,0.16287197231833914,0.27197231833910035,0.14782006920415225,0.17024221453287197,0.12269896193771627,0.21207612456747407,0.16256055363321797,0.19899653979238754,0.18716262975778547,0.17657439446366782,0.10089965397923875,0.14024221453287197,0.12757785467128027,0.10577854671280278,0.1843598615916955
336303818,336303818,Tiago Forte,0.2285266771976735,0.10411764705882354,0.7828186265910537,0.254912087281601,0.5471934385250757,0.40079390362849177,0.5361312377537832,0.32005226428341754,0.42541558608272556,0.7557272730649893,0.5702614493741867,0.2853393153964998,0.13432525951557092,1.0,0.5451153574522833,0.18633217993079584,0.2459957765902075,0.28347080328577323,0.27055662163539906,0.5225483811982315,0.5720361895696803,0.05076124567474049,0.5702614493741867,0.35797966885528343,0.5030968507281379,0.4011495129168564,0.5879706705818788,0.21739482648811015,0.19290956281186963,0.5860899117384953,0.49528049640750127,0.2753739174726244,0.3978443480317515,0.5648983504678895,0.5356277472079556,0.30863357916231027,0.48630126384464856,0.4183809092961658,0.5702614493741867,0.13079584775086506,0.09913494809688582,0.5702614493741867,0.5106516896322142,0.5493714128156051,0.5451153574522833,0.15072664359861593,0.7988734202973806,0.1242560553633218,0.1373356401384083,0.4119451542853039,0.3631318490585041,0.3327547553604737,0.29533546017294027,0.43423041853941513,0.49841749264349877,0.45418403615489744,0.27267495553490817,0.2578922617738073,0.4218544492127955,0.2465643766611205,0.42616637642419347,0.2595531614277866,0.1242560553633218,0.449865277685479,0.3367454483389724,0.13858131487889275,0.10640138408304498,0.13245674740484428,0.27970259468102976,0.2635707542905873,0.27354707397199884,0.5957246313700449,0.5501736254002272,0.5035360820444408,0.48628055130522435,0.3918977523716436,0.544286864130612,0.6247111533598851,0.14698961937716265,0.44039985767868484,0.4474866625362666,0.5173229104708945,0.5637823912044766,0.4347722714490151,0.5959705814246744,0.13432525951557092,0.15083044982698962,0.26911435938691214,0.17813148788927338,0.3299750153445327,0.1326643598615917,0.34444672795123765,0.26029082997514746,0.25384381886723295,0.42732027290359836,0.2672458472761855,0.35676794402248413,0.2372458472761855,0.1298615916955017,0.3299750153445327,0.3870316594756153,0.36366090213056823,0.48980003194799826,0.4952285994847869,0.5702614493741867,0.49841749264349877,0.26286195451579175,0.2591143552592638,0.2719061026042572,0.2925745669993689,0.32259374818125497,0.18321799307958478,0.654446331696996,0.4534123145086427,0.3852671599756799,0.40575061491641307,0.49376285917248086,0.586764670797342,0.5912993011478578,0.37369220621566057,0.2336428354137369,0.4452687037161631,0.6279418059369617,0.3049761236181149,0.4531695551261884
336303819,336303819,Tiago Forte,0.13889273356401385,0.06394463667820069,0.451180280407663,0.13401384083044982,0.2848929060997149,0.21216242131154378,0.38988719962587,0.1793771626297578,0.24336116469027988,0.41777009989321773,0.3114533408566604,0.16692041522491352,0.08865051903114188,0.5451153574522833,1.0,0.10193771626297578,0.08657439446366783,0.1652595155709343,0.14356401384083045,0.4253460641015533,0.34203252834559317,0.06207612456747405,0.3114533408566604,0.29631038181985536,0.4950429089684305,0.2881016491193456,0.5101825369930165,0.1421107266435986,0.11304498269896193,0.4724089946410741,0.3364706171288326,0.24721003579909417,0.2621593420858741,0.5894296952103182,0.5143347861279646,0.4745770006608365,0.32905916860081386,0.2881112335188161,0.3114533408566604,0.12031141868512112,0.08294117647058824,0.3114533408566604,0.25871977684281955,0.3796540328981829,0.6185121643860721,0.2679094781950784,0.485675916864209,0.2554527307902341,0.10141868512110727,0.2864907930739712,0.3651652359549542,0.35365882592344783,0.26055397994045454,0.27090927139989607,0.2717083056952879,0.37660000239403607,0.1763667820069204,0.2557535620573355,0.33912837275306307,0.28654455569374004,0.32779387514771824,0.13868512110726644,0.2554527307902341,0.3333152239641357,0.29723186280357305,0.12695501730103806,0.07006920415224914,0.1120069204152249,0.2622001356345248,0.3019730117840233,0.123840830449827,0.25965874254495114,0.525670067986496,0.27990899773681044,0.3120761534610125,0.35330454161020386,0.5537939775133973,0.3145722373546397,0.08221453287197232,0.43861597061444585,0.5326173665851182,0.45243409899834364,0.45173016159330526,0.4497269932104312,0.5829281496123933,0.08865051903114188,0.08117647058823531,0.11044982698961939,0.13993079584775087,0.08294117647058824,0.09010380622837372,0.2851950747248819,0.10816608996539794,0.11906574394463668,0.2902768702684251,0.08875432525951558,0.22520432478483604,0.13588235294117645,0.08117647058823531,0.08294117647058824,0.24486449549611647,0.22349515641104278,0.2860255245518716,0.3434882343447585,0.3114533408566604,0.2717083056952879,0.1707612456747405,0.17719723183391003,0.27589197036183377,0.14698961937716265,0.15830449826989618,0.1719031141868512,0.5039138444215039,0.47574533152652404,0.2887244864895878,0.28779827109321177,0.4393772204168347,0.3849045006639322,0.47778552491510456,0.29889276245755236,0.07972318339100347,0.24804048562608377,0.3868358438378544,0.5347808941064198,0.5432197266918921
